0 0.105469 0.4875 0.0578125 0.154167 
1 0.115625 0.525 0.1125 0.233333 
1 0.115625 0.525 0.1125 0.233333 
1 0.114844 0.522917 0.117188 0.233333 
1 0.114844 0.522917 0.117188 0.233333 
1 0.113281 0.526042 0.114063 0.235417 
1 0.113281 0.526042 0.114063 0.235417 
1 0.113281 0.526042 0.114063 0.235417 
1 0.114063 0.523958 0.121875 0.239583 
1 0.114063 0.523958 0.121875 0.239583 
1 0.114063 0.523958 0.121875 0.239583 
1 0.111719 0.526042 0.114063 0.23125 
1 0.111719 0.526042 0.114063 0.23125 
1 0.111719 0.526042 0.114063 0.23125 
1 0.1125 0.528125 0.121875 0.24375 
1 0.1125 0.528125 0.121875 0.24375 
1 0.1125 0.528125 0.121875 0.24375 
1 0.114844 0.525 0.120312 0.245833 
1 0.114844 0.525 0.120312 0.245833 
1 0.114844 0.525 0.120312 0.245833 
1 0.114063 0.526042 0.11875 0.235417 
1 0.114063 0.526042 0.11875 0.235417 
