0 0.371875 0.534375 0.071875 0.0979167 
0 0.35 0.754167 0.034375 0.0875 
0 0.375 0.535417 0.071875 0.1 
0 0.350781 0.757292 0.0328125 0.09375 
0 0.375 0.535417 0.071875 0.1 
0 0.350781 0.757292 0.0328125 0.09375 
0 0.375781 0.519792 0.0671875 0.102083 
0 0.35 0.740625 0.0375 0.09375 
0 0.375781 0.519792 0.0671875 0.102083 
0 0.35 0.740625 0.0375 0.09375 
0 0.375781 0.519792 0.0671875 0.102083 
0 0.35 0.740625 0.0375 0.09375 
0 0.375781 0.519792 0.0671875 0.102083 
0 0.35 0.740625 0.0375 0.09375 
0 0.375 0.535417 0.06875 0.0958333 
0 0.35 0.755208 0.034375 0.0854167 
0 0.375 0.535417 0.06875 0.0958333 
0 0.35 0.755208 0.034375 0.0854167 
0 0.373437 0.5375 0.06875 0.0958333 
0 0.349219 0.75625 0.0328125 0.0875 
0 0.373437 0.5375 0.06875 0.0958333 
0 0.349219 0.75625 0.0328125 0.0875 
0 0.373437 0.5375 0.06875 0.0958333 
0 0.349219 0.75625 0.0328125 0.0875 
0 0.373437 0.5375 0.06875 0.0958333 
0 0.349219 0.75625 0.0328125 0.0875 
0 0.371875 0.538542 0.06875 0.102083 
0 0.349219 0.75625 0.0328125 0.0833333 
0 0.371875 0.538542 0.06875 0.102083 
0 0.349219 0.75625 0.0328125 0.0833333 
0 0.36875 0.5375 0.065625 0.1 
0 0.346094 0.75625 0.0328125 0.0833333 
0 0.36875 0.5375 0.065625 0.1 
0 0.346094 0.75625 0.0328125 0.0833333 
0 0.36875 0.5375 0.065625 0.1 
0 0.346094 0.75625 0.0328125 0.0833333 
0 0.36875 0.5375 0.065625 0.1 
0 0.346094 0.75625 0.0328125 0.0833333 
0 0.365625 0.538542 0.06875 0.102083 
0 0.34375 0.758333 0.03125 0.0916667 
0 0.365625 0.538542 0.06875 0.102083 
0 0.34375 0.758333 0.03125 0.0916667 
0 0.365625 0.538542 0.06875 0.102083 
0 0.34375 0.758333 0.03125 0.0916667 
0 0.367188 0.538542 0.06875 0.0979167 
0 0.344531 0.757292 0.0328125 0.0895833 
0 0.367188 0.538542 0.06875 0.0979167 
0 0.344531 0.757292 0.0328125 0.0895833 
0 0.367188 0.538542 0.06875 0.0979167 
0 0.344531 0.757292 0.0328125 0.0895833 
0 0.367188 0.538542 0.06875 0.0979167 
0 0.344531 0.757292 0.0328125 0.0895833 
0 0.367188 0.538542 0.06875 0.0979167 
0 0.344531 0.757292 0.0328125 0.0895833 
0 0.367188 0.538542 0.06875 0.0979167 
0 0.344531 0.757292 0.0328125 0.0895833 
0 0.367188 0.538542 0.06875 0.0979167 
0 0.344531 0.757292 0.0328125 0.0895833 
0 0.367188 0.538542 0.06875 0.0979167 
0 0.344531 0.757292 0.0328125 0.0895833 
0 0.367188 0.538542 0.06875 0.0979167 
0 0.344531 0.757292 0.0328125 0.0895833 
0 0.367188 0.538542 0.06875 0.0979167 
0 0.344531 0.757292 0.0328125 0.0895833 
0 0.367188 0.538542 0.06875 0.0979167 
0 0.344531 0.757292 0.0328125 0.0895833 
0 0.367188 0.538542 0.06875 0.0979167 
0 0.344531 0.757292 0.0328125 0.0895833 
0 0.367188 0.538542 0.06875 0.0979167 
0 0.344531 0.757292 0.0328125 0.0895833 
0 0.367188 0.538542 0.06875 0.0979167 
0 0.344531 0.757292 0.0328125 0.0895833 
0 0.367188 0.538542 0.06875 0.0979167 
0 0.344531 0.757292 0.0328125 0.0895833 
0 0.367188 0.538542 0.06875 0.0979167 
0 0.344531 0.757292 0.0328125 0.0895833 
0 0.367188 0.538542 0.06875 0.0979167 
0 0.344531 0.757292 0.0328125 0.0895833 
0 0.367188 0.538542 0.06875 0.0979167 
0 0.344531 0.757292 0.0328125 0.0895833 
0 0.367188 0.538542 0.06875 0.0979167 
0 0.344531 0.757292 0.0328125 0.0895833 
0 0.367188 0.538542 0.06875 0.0979167 
0 0.344531 0.757292 0.0328125 0.0895833 
0 0.367188 0.538542 0.06875 0.0979167 
0 0.344531 0.757292 0.0328125 0.0895833 
0 0.367188 0.538542 0.06875 0.0979167 
0 0.344531 0.757292 0.0328125 0.0895833 
0 0.367188 0.538542 0.06875 0.0979167 
0 0.344531 0.757292 0.0328125 0.0895833 
0 0.367188 0.538542 0.06875 0.0979167 
0 0.344531 0.757292 0.0328125 0.0895833 
0 0.367188 0.538542 0.06875 0.0979167 
0 0.344531 0.757292 0.0328125 0.0895833 
0 0.367188 0.538542 0.06875 0.0979167 
0 0.344531 0.757292 0.0328125 0.0895833 
0 0.367188 0.538542 0.06875 0.0979167 
0 0.344531 0.757292 0.0328125 0.0895833 
0 0.367188 0.538542 0.06875 0.0979167 
0 0.344531 0.757292 0.0328125 0.0895833 
0 0.367188 0.538542 0.06875 0.0979167 
0 0.344531 0.757292 0.0328125 0.0895833 
0 0.367188 0.538542 0.06875 0.0979167 
0 0.344531 0.757292 0.0328125 0.0895833 
0 0.367188 0.538542 0.06875 0.0979167 
0 0.344531 0.757292 0.0328125 0.0895833 
0 0.367188 0.538542 0.06875 0.0979167 
0 0.344531 0.757292 0.0328125 0.0895833 
0 0.367188 0.538542 0.06875 0.0979167 
0 0.344531 0.757292 0.0328125 0.0895833 
0 0.367188 0.538542 0.06875 0.0979167 
0 0.344531 0.757292 0.0328125 0.0895833 
0 0.367188 0.538542 0.06875 0.0979167 
0 0.344531 0.757292 0.0328125 0.0895833 
0 0.367188 0.538542 0.06875 0.0979167 
0 0.344531 0.757292 0.0328125 0.0895833 
0 0.367188 0.538542 0.06875 0.0979167 
0 0.344531 0.757292 0.0328125 0.0895833 
0 0.367188 0.538542 0.06875 0.0979167 
0 0.344531 0.757292 0.0328125 0.0895833 
0 0.367188 0.538542 0.06875 0.0979167 
0 0.344531 0.757292 0.0328125 0.0895833 
0 0.367188 0.538542 0.06875 0.0979167 
0 0.344531 0.757292 0.0328125 0.0895833 
0 0.367188 0.538542 0.06875 0.0979167 
0 0.344531 0.757292 0.0328125 0.0895833 
0 0.367188 0.538542 0.06875 0.0979167 
0 0.344531 0.757292 0.0328125 0.0895833 
0 0.367188 0.538542 0.06875 0.0979167 
0 0.344531 0.757292 0.0328125 0.0895833 
0 0.367188 0.538542 0.06875 0.0979167 
0 0.344531 0.757292 0.0328125 0.0895833 
0 0.367188 0.538542 0.06875 0.0979167 
0 0.344531 0.757292 0.0328125 0.0895833 
0 0.367188 0.538542 0.06875 0.0979167 
0 0.344531 0.757292 0.0328125 0.0895833 
0 0.367188 0.538542 0.06875 0.0979167 
0 0.344531 0.757292 0.0328125 0.0895833 
0 0.367188 0.538542 0.06875 0.0979167 
0 0.344531 0.757292 0.0328125 0.0895833 
0 0.367188 0.538542 0.06875 0.0979167 
0 0.344531 0.757292 0.0328125 0.0895833 
0 0.367188 0.538542 0.06875 0.0979167 
0 0.344531 0.757292 0.0328125 0.0895833 
0 0.367188 0.538542 0.06875 0.0979167 
0 0.344531 0.757292 0.0328125 0.0895833 
0 0.367188 0.538542 0.06875 0.0979167 
0 0.344531 0.757292 0.0328125 0.0895833 
0 0.367188 0.538542 0.06875 0.0979167 
0 0.344531 0.757292 0.0328125 0.0895833 
0 0.367188 0.538542 0.06875 0.0979167 
0 0.344531 0.757292 0.0328125 0.0895833 
0 0.367188 0.538542 0.06875 0.0979167 
0 0.344531 0.757292 0.0328125 0.0895833 
0 0.367188 0.538542 0.06875 0.0979167 
0 0.344531 0.757292 0.0328125 0.0895833 
0 0.367188 0.538542 0.06875 0.0979167 
0 0.344531 0.757292 0.0328125 0.0895833 
0 0.367188 0.538542 0.06875 0.0979167 
0 0.344531 0.757292 0.0328125 0.0895833 
0 0.367188 0.538542 0.06875 0.0979167 
0 0.344531 0.757292 0.0328125 0.0895833 
0 0.367188 0.538542 0.06875 0.0979167 
0 0.344531 0.757292 0.0328125 0.0895833 
0 0.367188 0.538542 0.06875 0.0979167 
0 0.344531 0.757292 0.0328125 0.0895833 
0 0.308594 0.463542 0.0671875 0.0979167 
0 0.266406 0.677083 0.0390625 0.0916667 
0 0.300781 0.465625 0.0640625 0.09375 
0 0.260156 0.68125 0.0421875 0.0916667 
0 0.297656 0.467708 0.0640625 0.09375 
0 0.257812 0.682292 0.040625 0.0854167 
0 0.297656 0.467708 0.0640625 0.09375 
0 0.257812 0.682292 0.040625 0.0854167 
0 0.297656 0.467708 0.0640625 0.09375 
0 0.257812 0.682292 0.040625 0.0854167 
0 0.255469 0.684375 0.0421875 0.0854167 
0 0.291406 0.46875 0.0671875 0.0958333 
0 0.255469 0.684375 0.0421875 0.0854167 
0 0.291406 0.46875 0.0671875 0.0958333 
0 0.255469 0.684375 0.0421875 0.0854167 
0 0.291406 0.46875 0.0671875 0.0958333 
0 0.295312 0.46875 0.06875 0.0958333 
0 0.25625 0.68125 0.040625 0.0875 
0 0.295312 0.46875 0.06875 0.0958333 
0 0.25625 0.68125 0.040625 0.0875 
0 0.295312 0.46875 0.06875 0.0958333 
0 0.25625 0.68125 0.040625 0.0875 
0 0.292188 0.46875 0.065625 0.0958333 
0 0.253125 0.680208 0.040625 0.0854167 
0 0.292188 0.46875 0.065625 0.0958333 
0 0.253125 0.680208 0.040625 0.0854167 
0 0.283594 0.46875 0.0671875 0.0958333 
0 0.246094 0.680208 0.0421875 0.0854167 
0 0.283594 0.46875 0.0671875 0.0958333 
0 0.246094 0.680208 0.0421875 0.0854167 
0 0.283594 0.46875 0.0671875 0.0958333 
0 0.246094 0.680208 0.0421875 0.0854167 
0 0.271094 0.476042 0.0671875 0.0979167 
0 0.230469 0.689583 0.0421875 0.0875 
0 0.271094 0.476042 0.0671875 0.0979167 
0 0.230469 0.689583 0.0421875 0.0875 
0 0.271094 0.476042 0.0671875 0.0979167 
0 0.230469 0.689583 0.0421875 0.0875 
0 0.255469 0.490625 0.0734375 0.0979167 
0 0.214844 0.701042 0.0359375 0.09375 
0 0.255469 0.490625 0.0734375 0.0979167 
0 0.214844 0.701042 0.0359375 0.09375 
0 0.255469 0.490625 0.0734375 0.0979167 
0 0.214844 0.701042 0.0359375 0.09375 
0 0.25625 0.498958 0.06875 0.0979167 
0 0.217187 0.711458 0.040625 0.0895833 
0 0.25625 0.498958 0.06875 0.0979167 
0 0.217187 0.711458 0.040625 0.0895833 
0 0.267188 0.497917 0.065625 0.0958333 
0 0.228125 0.709375 0.04375 0.0979167 
0 0.267188 0.497917 0.065625 0.0958333 
0 0.228125 0.709375 0.04375 0.0979167 
0 0.278125 0.492708 0.06875 0.102083 
0 0.235938 0.7 0.0375 0.0916667 
0 0.282813 0.488542 0.065625 0.102083 
0 0.239063 0.698958 0.0375 0.09375 
0 0.285937 0.4875 0.0625 0.0958333 
0 0.241406 0.7 0.0390625 0.0875 
0 0.286719 0.486458 0.0640625 0.0979167 
0 0.242188 0.697917 0.0375 0.0875 
0 0.2875 0.485417 0.065625 0.1 
0 0.242969 0.695833 0.0390625 0.0875 
0 0.288281 0.484375 0.0609375 0.0979167 
0 0.242188 0.697917 0.040625 0.0916667 
0 0.242969 0.68125 0.0390625 0.0875 
0 0.289062 0.484375 0.059375 0.0979167 
0 0.289062 0.482292 0.0625 0.0979167 
0 0.24375 0.692708 0.0375 0.0854167 
0 0.288281 0.48125 0.0640625 0.1 
0 0.245312 0.692708 0.040625 0.0895833 
0 0.288281 0.48125 0.0640625 0.1 
0 0.245312 0.692708 0.040625 0.0895833 
0 0.289844 0.483333 0.0578125 0.0958333 
0 0.245312 0.694792 0.040625 0.0895833 
0 0.289844 0.483333 0.0609375 0.1 
0 0.246875 0.69375 0.040625 0.0875 
0 0.289062 0.483333 0.065625 0.1 
0 0.245312 0.69375 0.040625 0.0875 
0 0.2875 0.485417 0.06875 0.0958333 
0 0.24375 0.696875 0.0375 0.0895833 
0 0.289062 0.485417 0.06875 0.104167 
0 0.24375 0.695833 0.0375 0.0875 
0 0.286719 0.4875 0.0734375 0.1 
0 0.242969 0.697917 0.0390625 0.0875 
0 0.284375 0.490625 0.071875 0.102083 
0 0.241406 0.702083 0.0390625 0.0958333 
0 0.282031 0.492708 0.0734375 0.0979167 
0 0.241406 0.703125 0.0390625 0.0979167 
0 0.285156 0.494792 0.0671875 0.0979167 
0 0.242188 0.704167 0.040625 0.0916667 
0 0.285937 0.494792 0.05625 0.09375 
0 0.242969 0.70625 0.0390625 0.0916667 
0 0.290625 0.496875 0.0625 0.09375 
0 0.245312 0.705208 0.0375 0.0854167 
0 0.288281 0.495833 0.0671875 0.1 
0 0.246875 0.70625 0.040625 0.0875 
0 0.289844 0.498958 0.0671875 0.0979167 
0 0.248437 0.708333 0.040625 0.0916667 
0 0.290625 0.497917 0.0625 0.1 
0 0.246875 0.707292 0.040625 0.0895833 
0 0.289844 0.498958 0.0640625 0.0979167 
0 0.246875 0.707292 0.040625 0.0895833 
0 0.289844 0.497917 0.0703125 0.1 
0 0.247656 0.708333 0.0421875 0.0916667 
0 0.29375 0.497917 0.078125 0.104167 
0 0.253125 0.708333 0.04375 0.0916667 
0 0.253125 0.709375 0.04375 0.0895833 
0 0.298438 0.497917 0.075 0.1 
0 0.29375 0.497917 0.078125 0.0958333 
0 0.250781 0.709375 0.0421875 0.0895833 
0 0.250781 0.710417 0.0421875 0.0916667 
0 0.29375 0.501042 0.08125 0.0979167 
0 0.250781 0.7125 0.0421875 0.0958333 
0 0.294531 0.501042 0.0734375 0.0979167 
0 0.252344 0.709375 0.0421875 0.0895833 
0 0.295312 0.501042 0.065625 0.0979167 
0 0.250781 0.709375 0.0421875 0.0895833 
0 0.299219 0.501042 0.0640625 0.102083 
0 0.250781 0.710417 0.0421875 0.0916667 
0 0.296875 0.5 0.071875 0.1 
0 0.250781 0.711458 0.0421875 0.09375 
0 0.295312 0.5 0.06875 0.1 
0 0.250781 0.711458 0.0421875 0.09375 
0 0.296094 0.5 0.0734375 0.1 
0 0.302344 0.501042 0.0640625 0.0979167 
0 0.253125 0.711458 0.04375 0.09375 
0 0.303125 0.501042 0.065625 0.0979167 
0 0.253125 0.711458 0.04375 0.09375 
0 0.253906 0.710417 0.0421875 0.0958333 
0 0.296875 0.501042 0.078125 0.102083 
0 0.307031 0.5 0.0640625 0.0958333 
0 0.257812 0.70625 0.040625 0.0916667 
0 0.307031 0.497917 0.0671875 0.0958333 
0 0.260938 0.70625 0.040625 0.0916667 
0 0.309375 0.497917 0.06875 0.0958333 
0 0.2625 0.710417 0.040625 0.1 
0 0.307031 0.498958 0.0671875 0.0979167 
0 0.260938 0.708333 0.040625 0.0958333 
0 0.30625 0.480208 0.071875 0.102083 
0 0.260156 0.689583 0.0421875 0.0875 
0 0.2625 0.704167 0.0375 0.0916667 
0 0.310937 0.503125 0.0625 0.0770833 
0 0.307813 0.494792 0.06875 0.0979167 
0 0.263281 0.689583 0.0390625 0.0916667 
0 0.257812 0.661458 0.04375 0.0729167 
0 0.313281 0.477083 0.0578125 0.0625 
0 0.252344 0.603125 0.0421875 0.06875 
0 0.295312 0.453125 0.075 0.06875 
0 0.296875 0.402083 0.0625 0.0791667 
0 0.25 0.55625 0.0375 0.0625 
0 0.296875 0.402083 0.0625 0.0791667 
0 0.25 0.55625 0.0375 0.0625 
0 0.296875 0.402083 0.0625 0.0791667 
0 0.25 0.55625 0.0375 0.0625 
0 0.296875 0.402083 0.0625 0.0791667 
0 0.25 0.55625 0.0375 0.0625 
0 0.296875 0.402083 0.0625 0.0791667 
0 0.25 0.55625 0.0375 0.0625 
0 0.296875 0.402083 0.0625 0.0791667 
0 0.25 0.55625 0.0375 0.0625 
0 0.296875 0.402083 0.0625 0.0791667 
0 0.25 0.55625 0.0375 0.0625 
0 0.296875 0.402083 0.0625 0.0791667 
0 0.25 0.55625 0.0375 0.0625 
0 0.296875 0.402083 0.0625 0.0791667 
0 0.25 0.55625 0.0375 0.0625 
0 0.296875 0.402083 0.0625 0.0791667 
0 0.25 0.55625 0.0375 0.0625 
0 0.296875 0.402083 0.0625 0.0791667 
0 0.25 0.55625 0.0375 0.0625 
0 0.296875 0.402083 0.0625 0.0791667 
0 0.25 0.55625 0.0375 0.0625 
0 0.296875 0.402083 0.0625 0.0791667 
0 0.25 0.55625 0.0375 0.0625 
0 0.296875 0.402083 0.0625 0.0791667 
0 0.25 0.55625 0.0375 0.0625 
0 0.296875 0.402083 0.0625 0.0791667 
0 0.25 0.55625 0.0375 0.0625 
